[DASH_CAM]
POS=0.370085,1.1422,-0.0715332
EXP=18
