[SETTINGS]
WIDTH=1.07357740402222
LENGTH=2.54763412475586

